0 581 27 30 27 564 0 19 14 479 38 33 26 513 62 51 34 437 106 64 57 
1 581 28 29 26 564 0 19 14 480 38 33 26 514 62 49 32 438 105 62 56 
2 582 22 27 26 0 314 59 118 564 0 20 15 479 37 33 26 514 61 48 32 440 106 59 53 
3 582 22 27 26 564 0 20 14 480 37 33 26 514 61 49 32 441 103 58 52 
4 582 22 27 25 564 0 21 14 480 36 33 27 513 59 50 32 442 100 57 52 
5 0 337 30 116 563 0 21 15 581 22 28 26 480 35 33 26 443 98 56 53 514 59 49 32 
6 0 344 24 94 563 0 21 15 581 22 28 26 481 34 32 26 444 97 56 53 514 59 48 32 
7 581 22 28 25 563 0 21 15 480 33 33 25 445 94 56 54 514 57 48 33 
8 582 22 28 24 564 0 20 15 360 632 206 82 481 32 32 25 445 92 56 54 515 56 47 33 
9 582 22 28 25 564 0 21 15 365 613 204 104 482 32 31 24 443 97 61 44 516 56 45 33 
10 581 22 28 25 564 0 21 15 363 578 212 139 482 32 31 24 443 96 61 44 516 56 44 32 
11 564 0 21 15 581 21 28 25 370 564 198 153 483 31 31 23 445 94 60 46 516 56 44 31 
12 581 22 29 24 564 0 21 16 370 544 200 173 484 31 30 22 451 85 52 51 516 56 44 31 
13 581 22 28 23 564 0 21 15 484 31 31 22 369 521 196 204 517 55 44 31 451 85 53 50 
14 580 22 29 23 563 0 22 16 484 31 31 22 373 505 194 215 516 54 44 31 451 84 53 51 
15 381 479 189 230 579 21 29 23 563 0 22 16 484 30 30 21 517 54 43 31 450 83 54 50 
16 391 469 177 206 563 0 22 16 579 21 30 23 484 31 30 21 517 53 43 31 451 86 54 43 
17 578 21 29 22 563 0 22 16 485 30 28 20 401 471 166 177 517 53 41 31 451 85 53 43 
18 563 0 22 16 485 30 28 21 411 441 154 184 517 52 41 31 452 84 52 43 
19 564 0 21 16 485 29 28 22 518 52 41 31 418 408 154 186 453 83 52 41 
20 563 0 22 16 489 25 24 23 518 52 39 29 418 409 141 168 453 82 52 41 
21 563 0 22 16 519 52 39 29 489 25 24 24 420 399 139 153 454 80 52 41 
22 563 0 22 16 489 25 24 24 430 377 137 152 454 80 52 40 
23 563 0 22 16 490 24 24 24 433 375 130 135 454 79 52 40 
24 563 0 22 17 490 24 24 24 454 78 53 40 433 365 130 133 
25 563 0 22 16 490 24 24 25 437 354 128 132 455 78 51 39 
26 564 0 21 16 491 23 24 25 437 347 128 130 457 75 49 41 
27 526 42 34 30 564 0 21 16 491 23 24 25 459 74 45 41 444 323 125 135 
28 526 42 34 30 564 0 21 16 491 23 24 25 455 318 112 126 460 73 44 41 
29 466 64 40 41 526 42 34 30 565 0 21 16 492 22 25 25 458 312 109 121 461 73 43 41 
30 565 0 21 16 525 42 36 29 492 22 25 25 460 309 107 108 461 71 42 42 
31 565 0 20 16 492 22 25 25 526 42 35 28 462 70 41 41 464 287 105 125 
32 565 0 21 16 463 71 40 39 492 22 26 25 525 42 35 28 466 64 42 40 467 294 102 98 
33 492 21 27 25 462 71 42 39 565 0 21 16 524 41 37 28 466 64 43 40 468 288 101 98 
34 492 22 26 25 564 0 22 17 524 40 38 28 472 275 97 97 466 63 42 40 
35 573 14 23 21 493 22 25 23 564 0 21 17 523 39 38 28 470 265 102 99 466 63 42 39 
36 493 21 24 23 572 13 24 22 565 0 21 17 523 38 39 29 474 255 98 100 466 63 42 38 
37 493 21 25 23 572 13 26 22 565 0 21 17 522 38 40 29 476 249 93 97 467 63 41 38 
38 572 13 25 22 493 21 26 25 565 0 21 17 521 38 42 29 477 243 94 97 468 62 40 38 
39 524 42 31 26 572 12 25 21 493 21 25 25 565 0 21 16 521 37 42 29 483 238 86 87 467 62 40 36 
40 524 41 31 26 571 12 25 22 494 21 24 24 565 0 21 17 521 36 43 29 468 62 40 35 483 232 86 91 
41 565 0 22 17 521 35 43 30 468 61 41 36 483 227 86 86 
42 545 0 20 14 565 0 22 17 521 34 43 30 486 218 82 78 468 60 41 36 
43 565 0 22 17 521 33 43 30 469 60 39 35 489 217 82 78 
44 545 0 20 14 565 0 22 17 521 32 43 31 488 210 84 78 469 60 39 34 
45 565 0 22 17 521 32 43 31 489 208 82 76 469 59 38 34 
46 676 659 184 60 565 0 22 17 521 31 43 30 470 58 38 34 490 204 81 76 
47 565 0 22 17 521 31 43 30 642 624 231 89 470 58 38 34 494 195 77 77 
48 565 0 22 17 522 31 42 30 639 604 236 118 469 57 39 33 495 193 77 77 
49 565 0 21 17 521 31 44 30 633 578 237 134 470 56 39 33 494 190 79 76 
50 545 0 20 15 565 0 21 17 633 559 239 158 521 30 43 30 470 56 38 33 496 186 75 73 
51 636 540 228 179 564 0 21 17 521 30 44 30 470 56 37 32 498 181 74 75 
52 564 0 21 17 522 30 42 29 471 56 36 30 640 523 217 204 499 179 71 72 
53 564 0 21 17 648 499 200 230 522 30 42 28 471 56 35 29 501 175 70 66 
54 565 0 21 16 471 55 35 29 523 30 41 27 647 502 197 222 501 172 71 66 
55 565 0 21 16 472 54 36 30 523 30 41 27 633 479 200 213 504 166 67 69 
56 565 0 21 17 472 54 35 29 523 30 41 27 504 162 65 72 636 476 188 191 
57 618 424 206 232 565 0 22 17 472 54 35 28 523 29 40 27 638 488 179 157 505 159 64 71 
58 472 54 34 28 565 0 22 17 524 29 39 26 507 158 63 64 634 424 171 197 
59 530 18 36 34 472 54 34 27 565 0 21 17 524 29 38 26 506 157 66 57 641 437 159 162 
60 530 19 35 33 633 391 163 184 473 54 34 26 565 0 21 17 525 29 38 25 506 153 66 61 
61 479 40 32 33 530 19 35 33 472 54 34 25 634 384 163 173 565 0 21 16 526 29 37 25 508 151 63 61 
62 473 54 33 24 530 19 35 32 480 40 32 32 526 29 36 24 566 0 20 16 628 376 160 139 508 143 62 65 
63 530 19 35 32 526 29 36 24 480 41 31 32 566 0 21 16 627 369 150 138 509 139 61 67 
64 526 29 36 24 530 19 34 31 479 40 32 32 565 0 21 16 510 138 59 66 628 362 145 137 
65 526 29 36 23 529 20 35 31 565 0 21 16 478 40 33 32 627 347 140 143 510 136 58 63 
66 530 20 34 30 565 0 21 16 478 40 33 32 633 324 126 148 510 138 63 55 
67 478 39 34 32 565 0 21 16 530 20 34 30 631 321 126 141 511 135 63 53 
68 478 39 34 31 566 0 21 16 530 20 33 30 633 317 120 132 512 134 62 51 
69 479 40 33 30 566 1 21 16 530 20 33 30 633 310 114 124 512 131 60 52 
70 479 41 32 28 566 1 21 16 531 21 32 28 629 314 115 103 513 127 58 52 
71 479 42 32 28 566 1 22 16 531 21 32 28 629 315 116 96 514 124 57 52 
72 479 41 32 28 628 296 110 100 566 1 22 17 531 21 32 28 514 122 57 53 
73 480 40 31 28 625 293 111 94 566 1 22 17 531 21 31 28 514 120 56 54 
74 623 276 109 98 480 39 31 27 566 1 22 17 531 21 31 28 514 118 57 54 
75 567 1 22 17 480 40 31 26 620 268 110 97 530 21 32 28 515 115 55 52 
76 567 1 22 16 480 39 32 27 531 21 31 27 622 267 105 95 515 115 55 51 
77 566 1 22 16 479 37 33 28 530 21 32 26 621 250 100 102 515 114 55 51 
78 348 545 202 171 566 1 22 17 480 37 32 28 530 20 31 26 620 243 101 100 515 112 56 48 
79 621 238 98 101 566 1 22 17 481 35 32 29 530 19 32 27 516 111 55 48 
80 362 510 186 203 566 1 22 17 481 35 32 28 620 233 96 91 530 19 31 27 516 109 54 49 
81 566 1 22 17 482 34 31 28 530 19 31 27 516 106 55 49 619 227 95 90 
82 566 1 22 17 483 34 30 28 516 103 54 49 530 19 31 26 619 220 95 92 
83 597 43 46 56 379 473 176 173 566 1 22 16 484 33 30 28 518 102 52 46 623 216 86 83 530 20 31 26 
84 389 442 169 179 566 1 21 16 484 33 30 28 517 101 54 46 616 209 88 89 530 20 31 26 
85 566 1 21 16 484 32 30 29 517 99 55 46 531 19 30 26 615 206 90 83 
86 496 18 22 23 594 40 49 59 566 1 21 16 485 31 29 29 531 19 30 26 516 97 56 46 611 206 93 78 
87 496 18 22 23 593 41 49 58 415 389 143 172 566 1 21 16 485 32 29 28 531 19 30 25 515 95 57 47 612 203 88 76 
88 496 18 23 24 421 378 134 146 566 2 21 16 485 31 29 28 531 19 30 25 515 93 58 48 615 191 82 84 
89 496 17 23 24 592 41 49 56 417 373 143 134 566 2 21 16 486 31 29 28 531 18 30 25 515 91 57 49 611 189 83 82 
90 592 40 50 56 566 1 21 16 486 31 29 29 515 89 56 51 532 17 29 25 418 365 141 131 609 186 86 77 
91 496 18 22 24 592 40 49 56 566 1 21 16 486 31 29 28 513 88 59 52 422 356 134 130 611 184 82 73 532 17 29 26 
92 496 18 23 24 566 1 21 17 486 31 29 28 517 89 53 44 435 351 119 126 532 16 29 25 610 179 80 74 
93 495 18 23 24 566 1 21 16 487 31 29 27 517 89 53 43 613 169 76 77 433 332 126 135 532 16 28 25 
94 588 31 48 58 495 19 23 24 566 1 21 16 434 322 126 130 487 31 29 27 613 167 75 75 518 89 52 41 532 16 28 25 
95 495 19 23 24 589 31 47 58 566 1 21 16 446 311 116 127 487 30 29 27 517 87 53 42 532 16 28 25 612 167 74 71 
96 495 19 24 24 589 31 47 58 566 1 21 16 487 31 29 26 451 325 107 97 533 17 28 24 519 88 50 40 612 167 72 66 
97 442 291 130 124 495 19 25 25 589 32 44 51 567 1 21 16 487 30 29 25 453 321 107 89 521 86 46 39 612 161 69 68 533 17 27 24 
98 495 19 24 25 487 30 28 25 567 1 21 17 589 33 44 51 460 302 99 99 521 86 46 38 611 159 69 68 533 16 28 24 
99 487 30 28 25 495 19 24 24 567 1 21 17 461 296 97 93 588 32 45 51 608 156 69 69 521 84 46 38 532 16 28 25 
100 488 30 28 25 495 19 24 25 568 1 21 17 462 292 97 91 588 31 45 52 608 148 69 68 521 82 46 39 532 16 28 25 
101 488 30 28 25 495 19 25 25 568 1 21 17 589 31 44 52 464 276 96 95 607 145 70 67 521 80 46 39 533 15 27 25 
102 489 30 28 25 495 19 25 25 568 1 21 17 589 30 43 51 463 268 99 92 521 79 46 39 608 143 68 66 533 15 27 25 
103 495 19 25 25 589 30 44 50 568 1 22 18 460 262 105 87 608 139 67 65 521 77 46 39 533 15 27 25 
104 495 19 25 26 589 30 43 50 567 0 22 18 460 260 104 83 603 137 68 67 520 76 47 39 533 14 27 25 
105 490 30 27 25 589 29 42 48 567 0 22 18 495 19 25 26 603 134 67 69 475 254 93 82 521 76 46 38 533 14 27 26 
106 477 247 87 84 567 0 22 18 589 29 42 47 495 19 24 26 605 135 64 61 521 74 46 39 533 14 27 26 
107 567 0 22 18 589 29 42 46 495 19 25 26 603 129 68 62 480 234 84 86 533 14 27 26 522 74 44 38 
108 567 0 22 17 481 234 84 77 589 30 42 44 495 19 25 26 604 129 66 60 533 14 28 25 522 72 44 39 
109 567 1 21 17 495 19 25 26 588 30 41 43 482 232 81 71 521 71 45 39 533 14 28 25 603 126 64 59 
110 567 1 21 17 495 19 25 26 520 71 45 40 588 30 40 43 484 222 76 68 603 125 62 54 533 14 28 25 
111 567 1 21 17 520 70 45 40 495 19 25 26 588 30 39 42 602 123 62 54 533 14 28 25 485 219 77 70 
112 567 1 21 17 521 66 45 39 588 29 39 41 495 19 25 25 602 121 61 55 533 14 28 25 486 216 79 70 
113 567 1 21 17 588 29 39 42 601 119 60 55 521 66 46 39 495 19 25 26 532 14 28 25 488 214 78 65 
114 567 1 21 17 588 28 39 42 600 116 60 55 521 66 46 38 495 18 25 26 532 14 29 25 489 211 77 66 
115 568 1 21 16 599 114 59 54 588 28 38 41 496 18 25 26 521 65 46 37 532 13 29 25 489 205 76 68 
116 568 1 21 16 599 113 59 54 587 27 38 41 496 18 25 26 521 65 46 36 532 13 29 25 488 194 79 72 
117 568 1 20 16 587 27 37 41 597 106 61 59 496 18 25 25 521 65 46 34 532 13 29 25 488 193 80 69 
118 568 1 20 16 586 25 37 41 597 106 60 56 496 18 25 25 522 64 44 35 532 13 29 25 490 190 77 66 
119 568 1 20 16 585 24 37 42 597 107 60 53 496 18 25 25 522 64 43 34 532 13 29 25 492 187 74 65 
120 568 1 19 16 585 22 37 43 596 105 59 51 496 18 25 24 522 64 43 32 532 12 29 25 494 182 71 65 
121 567 1 19 15 584 21 36 43 595 104 59 50 496 18 25 24 532 12 29 25 523 63 42 31 497 176 71 63 
122 567 1 20 15 584 20 36 44 595 102 59 50 497 17 24 24 532 11 28 25 523 62 41 31 498 173 70 65 
123 567 1 20 16 584 20 36 44 497 18 24 23 594 101 59 50 532 11 28 25 524 61 40 30 503 171 64 63 
124 567 1 20 15 584 21 36 43 497 18 24 23 532 11 28 24 593 97 60 52 524 61 40 29 502 165 64 66 
125 567 1 19 15 583 20 36 44 497 18 24 23 592 96 60 53 532 11 28 24 524 60 40 30 503 163 64 65 
126 567 1 19 15 582 21 36 42 498 18 23 22 531 11 28 24 523 59 40 29 590 101 63 40 504 160 63 60 
127 567 1 19 15 582 21 36 42 498 18 24 22 532 11 28 24 523 57 41 30 590 99 62 41 505 157 64 54 
128 567 1 18 14 582 21 36 41 532 10 27 24 498 18 24 22 523 56 40 31 591 96 61 43 505 155 64 58 
129 582 21 36 40 532 10 27 24 590 94 61 45 524 55 39 31 497 19 24 22 506 152 61 57 
130 583 16 35 41 591 92 57 46 533 10 26 24 525 54 38 31 497 19 24 22 508 147 60 57 
131 583 17 35 40 593 89 55 44 533 10 26 24 498 19 24 22 525 54 38 30 508 143 59 59 
132 581 23 35 36 533 10 26 24 498 19 25 22 524 53 39 31 591 88 58 45 509 139 59 60 
133 921 633 254 88 582 17 34 38 523 53 40 31 533 10 26 24 498 19 25 21 591 88 56 43 510 139 58 54 
134 914 615 266 107 582 17 34 37 522 53 41 31 534 9 25 24 498 19 24 21 592 88 54 41 510 140 58 51 
135 582 17 34 37 533 9 25 24 523 53 41 30 498 20 24 21 913 596 263 130 512 140 56 49 593 87 51 41 
136 581 17 34 37 887 569 271 149 522 53 41 30 533 9 25 24 499 19 24 21 593 86 52 40 510 134 59 52 
137 523 53 38 29 581 17 34 37 887 546 267 171 533 9 25 23 499 19 24 21 593 85 52 40 511 130 57 54 
138 524 52 37 28 581 17 34 37 883 531 253 192 534 9 24 23 499 19 23 20 592 82 52 39 512 127 55 52 
139 580 17 34 37 875 504 241 217 526 44 34 35 534 9 24 23 499 19 24 21 592 81 51 38 513 123 54 52 
140 878 490 219 214 580 17 34 36 526 44 34 36 534 8 24 23 499 18 23 21 593 80 49 37 512 119 59 51 
141 580 17 33 35 863 479 223 201 534 8 24 23 526 43 34 36 500 18 23 21 593 80 48 36 513 117 58 52 
142 580 17 32 34 534 8 24 23 500 18 23 21 526 43 34 35 587 77 51 37 513 116 58 51 
143 581 16 31 33 534 8 25 22 500 18 24 21 587 75 51 38 526 43 34 34 512 115 59 49 
144 581 16 31 32 534 8 25 22 500 18 23 21 589 72 49 41 527 44 33 31 513 115 58 49 
145 535 8 24 22 500 18 23 21 582 15 31 32 590 71 47 41 514 115 57 49 527 44 33 31 
146 535 8 25 21 500 18 23 20 590 70 45 42 582 15 31 32 528 44 32 30 514 110 58 50 
147 818 375 198 162 535 8 24 22 500 19 23 20 590 71 46 39 582 14 30 31 528 43 32 30 514 109 57 50 
148 540 3 20 16 535 8 24 21 587 64 48 44 500 18 23 21 582 14 30 31 515 108 56 49 527 42 33 30 
149 540 3 20 16 823 370 159 143 535 7 25 23 500 18 23 21 582 13 31 31 588 64 47 45 515 106 56 49 527 41 33 31 
150 539 3 20 16 535 7 25 23 500 18 23 21 515 100 55 50 582 13 30 30 586 63 48 44 527 42 33 31 
151 801 337 160 137 539 3 21 17 535 7 25 23 500 18 23 21 519 103 51 42 582 13 30 29 527 41 34 31 586 63 48 43 
152 311 565 213 157 539 3 21 17 535 7 24 22 806 335 148 134 500 18 23 21 517 101 54 42 582 14 30 28 527 41 33 30 586 63 46 41 
153 539 3 21 17 535 7 25 22 309 563 220 159 500 18 22 20 806 323 138 129 515 99 58 43 582 13 30 28 527 41 34 30 586 62 46 40 
154 539 3 22 17 312 557 220 163 534 7 26 24 808 319 126 119 500 18 23 20 514 96 58 43 581 13 31 28 527 41 34 29 586 60 44 40 
155 314 542 218 175 538 3 22 17 534 7 26 24 500 18 23 20 515 95 57 44 581 13 31 28 527 40 35 29 587 61 44 37 
156 538 2 22 17 534 7 26 23 500 18 23 20 792 298 128 117 515 93 58 47 316 517 216 205 580 13 31 27 527 39 35 29 586 61 44 36 
157 538 2 23 17 534 7 27 22 329 497 202 227 500 18 23 20 791 287 125 123 517 92 55 47 526 37 36 29 580 13 31 27 587 59 43 34 
158 799 278 103 116 538 3 23 17 533 8 27 22 500 17 23 20 334 488 200 225 518 94 52 44 525 36 37 30 580 12 32 28 587 59 43 34 
159 538 2 23 17 779 279 132 103 533 8 28 23 339 475 198 214 500 17 23 21 517 93 53 44 525 36 38 30 580 12 32 28 586 59 43 34 
160 538 3 24 17 345 461 189 208 533 7 28 23 779 268 123 102 500 17 22 20 517 86 54 47 579 12 32 28 524 36 39 30 586 58 43 33 
161 538 3 24 17 342 441 196 205 776 264 113 88 533 8 28 22 500 17 22 20 517 86 55 46 578 12 32 28 525 36 38 29 586 58 43 33 
162 366 416 176 209 538 3 24 17 533 8 28 22 777 257 108 100 500 17 22 20 578 12 32 28 518 88 53 40 525 36 38 29 586 58 42 32 
163 537 2 24 17 369 393 181 219 532 8 28 22 774 253 107 97 500 17 22 20 577 12 33 28 525 35 38 29 517 87 55 40 585 57 42 31 
164 388 393 157 184 538 2 24 17 532 8 28 22 501 17 22 20 772 248 103 89 578 12 33 28 524 35 38 29 517 85 54 40 586 55 41 32 
165 373 367 186 177 537 3 25 17 532 8 28 22 501 18 22 20 577 12 33 28 771 235 101 96 524 35 39 29 518 84 52 40 586 55 40 32 
166 537 2 25 17 532 9 29 22 501 18 21 19 397 363 156 182 578 12 32 27 769 231 97 94 525 35 38 28 519 82 51 39 585 54 39 32 
167 537 2 25 17 501 18 21 19 531 9 30 23 769 225 96 91 578 12 31 27 524 35 38 28 519 80 51 38 585 53 38 33 
168 537 2 25 18 501 17 21 20 530 9 30 24 579 11 31 27 769 222 94 87 525 34 38 28 518 79 52 37 411 356 141 142 586 51 37 33 
169 537 2 26 18 501 17 20 20 530 10 30 23 579 10 31 26 524 34 38 28 755 212 100 92 586 51 37 32 521 78 48 36 416 347 138 141 
170 501 17 20 20 537 2 26 18 530 10 30 23 579 10 31 26 755 211 95 88 524 34 38 28 419 338 136 146 585 51 37 32 519 77 51 36 
171 570 7 32 26 537 2 26 18 501 16 20 19 530 10 30 24 579 9 31 26 525 34 38 28 754 205 89 82 421 323 135 146 586 50 36 31 520 76 50 37 
172 501 16 20 19 536 2 26 19 570 7 33 26 423 314 133 135 530 10 30 24 579 9 31 26 526 34 36 27 583 41 38 39 753 204 88 78 521 74 47 38 
173 537 2 25 18 501 15 20 19 570 6 33 26 530 10 29 24 579 8 31 26 526 34 36 27 431 309 126 125 583 43 37 36 752 199 86 81 522 73 47 38 
174 501 15 20 19 537 2 25 18 569 6 35 26 531 11 28 23 526 34 35 27 579 8 31 26 583 43 37 36 435 307 120 117 752 195 82 76 523 71 45 40 
175 600 633 222 84 537 2 25 18 501 15 20 19 526 33 35 27 569 6 36 26 530 11 28 24 578 8 31 26 583 43 37 36 753 193 79 72 434 295 130 120 522 71 46 41 
176 527 32 35 29 537 2 25 18 568 6 37 26 501 15 21 20 530 11 28 25 578 8 32 26 435 290 133 116 753 188 75 69 582 42 37 36 521 70 47 41 
177 531 12 27 24 537 2 25 18 568 7 38 25 501 15 21 19 578 8 32 26 444 291 112 100 582 44 38 34 522 70 46 41 741 184 83 70 
178 531 12 27 24 568 6 38 26 597 552 227 167 536 2 24 17 501 15 21 19 578 8 32 26 521 69 48 42 449 275 107 109 582 44 37 33 739 180 83 72 
179 568 6 37 26 528 33 32 26 536 2 25 18 531 13 28 24 578 8 31 26 501 15 21 19 597 524 214 204 521 67 47 39 582 43 36 33 453 268 106 107 734 173 85 70 
180 528 34 33 26 578 8 32 27 536 2 24 18 501 15 21 19 531 13 28 24 568 7 38 26 595 509 217 209 455 261 107 106 521 67 47 39 582 43 36 32 735 173 79 65 
181 536 2 25 18 530 12 29 25 567 5 40 28 460 251 99 105 582 43 35 32 520 66 48 39 599 500 215 217 737 169 76 66 
182 536 2 24 18 530 11 28 25 567 5 40 28 460 245 101 101 581 42 35 31 607 476 195 215 738 164 71 69 521 66 47 37 
183 536 2 24 17 567 5 39 29 613 458 182 213 461 240 99 100 581 42 35 30 737 160 68 71 524 68 44 33 
184 537 1 23 17 567 4 39 29 581 42 35 29 614 431 177 206 524 68 44 33 735 156 69 73 465 234 95 98 
185 616 412 161 199 537 2 24 17 568 5 37 28 582 42 34 29 525 67 43 31 736 151 65 66 466 231 94 98 
186 531 13 27 24 568 4 37 28 536 1 24 17 582 41 33 29 473 226 90 90 526 68 42 30 734 151 66 63 
187 531 12 27 24 570 1 26 19 567 4 38 29 537 1 23 17 582 41 33 28 473 221 90 89 733 146 66 66 525 67 43 29 
188 537 1 23 17 570 1 26 19 726 140 68 68 581 39 32 29 525 66 42 30 477 218 82 78 
189 537 1 23 17 570 0 27 19 617 351 134 159 582 36 32 31 726 138 67 67 527 64 39 29 478 213 83 79 
190 537 1 23 17 571 0 26 19 582 35 31 31 618 340 132 153 727 139 64 60 528 63 38 29 480 209 82 75 
191 537 1 24 17 571 0 26 20 582 35 31 30 725 138 64 57 528 61 39 30 479 203 85 79 
192 537 1 23 17 567 6 36 28 570 0 26 20 616 312 129 154 582 37 31 28 725 132 63 57 527 60 40 30 483 191 82 85 
193 567 6 36 28 570 0 27 21 617 310 126 135 582 36 30 27 527 59 39 30 722 132 62 55 486 192 80 80 
194 537 1 23 17 567 7 35 28 533 12 27 25 570 0 26 21 581 35 30 27 625 325 110 100 528 58 38 31 719 132 63 53 486 189 79 78 
195 537 1 23 17 567 8 35 27 532 12 27 25 570 0 26 21 621 314 116 98 581 34 30 27 528 57 38 30 717 131 64 53 487 185 78 78 
196 533 12 27 25 537 1 23 17 567 8 35 28 570 0 26 21 581 33 29 27 622 297 110 101 715 128 64 51 529 56 37 30 489 183 76 76 
197 533 11 27 25 566 8 37 29 537 1 23 17 570 0 27 21 618 290 113 97 580 33 30 27 714 124 64 52 529 55 37 30 491 178 74 75 
198 565 8 37 30 537 2 22 17 570 0 26 21 625 277 103 97 579 32 31 27 528 54 38 31 714 122 61 53 492 174 73 68 
199 565 8 37 30 537 2 22 17 570 0 26 21 580 32 30 27 623 270 104 94 528 54 38 30 713 119 60 53 493 173 74 67 
200 529 44 37 30 536 1 23 18 565 9 36 29 569 0 27 22 580 31 29 26 619 249 107 107 713 118 60 51 527 53 38 31 494 169 74 68 
201 536 1 24 18 528 43 38 32 565 10 36 29 569 0 27 23 581 31 28 25 619 245 105 100 712 116 59 50 527 53 39 31 496 165 72 68 
202 566 10 36 29 528 43 38 32 569 0 27 22 580 31 28 25 619 238 104 102 527 54 39 29 711 116 59 48 498 161 69 70 
203 566 10 36 29 569 0 27 22 528 45 37 30 580 31 28 24 622 228 98 98 527 54 39 28 711 115 58 47 499 156 68 72 
204 536 2 22 17 569 0 27 21 530 46 34 26 580 31 29 24 713 113 53 45 529 54 36 26 626 226 91 90 500 154 70 61 
205 536 2 22 17 569 0 27 21 580 31 29 24 529 46 35 27 529 54 36 26 709 112 54 46 622 223 97 85 501 153 69 61 
206 569 0 28 22 580 31 28 24 528 45 37 30 709 110 53 46 627 211 87 86 501 151 69 62 
207 567 10 36 30 570 0 27 21 581 30 26 23 527 45 37 29 704 106 61 50 625 208 89 79 502 147 70 62 
208 566 9 36 31 570 0 27 22 582 31 26 23 527 46 37 28 704 106 59 47 624 207 89 74 503 144 68 62 
209 566 9 37 32 569 0 27 21 583 31 24 22 528 46 36 27 504 141 65 63 622 199 90 80 704 103 56 45 
210 567 10 36 32 569 0 27 21 582 30 25 23 528 46 36 26 702 102 57 43 503 138 65 66 625 193 84 76 
211 582 30 25 23 568 12 34 29 569 0 27 22 527 45 37 26 701 100 57 42 505 136 64 63 626 189 82 71 
212 570 13 32 28 569 0 27 22 528 43 36 26 506 137 64 55 626 186 82 70 699 99 57 42 
213 570 15 30 26 569 0 26 21 528 43 36 26 507 134 65 54 626 176 79 78 698 96 57 44 
214 571 16 30 26 569 0 26 21 529 42 34 25 508 134 64 53 629 172 73 72 698 93 56 47 
215 572 16 29 25 569 0 26 21 529 42 34 24 699 91 53 48 628 171 76 68 510 131 64 54 
216 572 16 29 25 569 0 25 21 699 90 50 49 530 41 33 24 628 167 76 66 511 129 62 55 
217 572 16 28 25 568 0 25 21 530 40 33 25 696 90 53 42 623 163 77 67 511 125 62 54 
218 573 16 27 24 569 0 25 21 624 160 75 67 531 40 32 25 692 89 58 43 512 123 61 53 
219 573 16 27 24 569 0 25 21 624 150 74 68 531 40 32 24 512 121 60 54 691 88 58 43 
220 573 16 27 24 569 0 25 21 530 38 33 25 624 147 75 69 512 119 61 54 692 87 56 42 
221 572 15 27 24 569 0 25 21 530 37 34 26 629 149 72 62 692 86 53 40 512 117 61 52 
